Gate1: -0.448914,2.353424,-0.453534
Gate10: -0.357614,-0.537109,-2.353852
Gate11: 0.000000,0.000000,0.000000
Gate12: 0.000000,0.000000,0.000000
Gate13: -1.682024,2.092207,2.559745
Gate14: 0.153826,-0.012348,-2.140494
Gate15: 0.000000,-1.926772,-4.298493
Gate16: 0.000000,0.000000,0.000000
Gate17: 0.000000,0.000000,0.000000
Gate18: 0.000000,0.000000,0.000000
Gate19: 0.000000,0.000000,0.000000
Gate2: 0.000000,0.555764,1.370825
Gate20: 0.000000,0.000000,0.000000
Gate21: 0.000000,0.000000,-0.308651
Gate22: 0.071845,0.007809,4.716688
Gate23: 0.424299,-1.686336,-4.348454
Gate3: 0.000000,0.000000,0.000000
Gate4: 0.000000,0.000000,0.000000
Gate5: 0.000000,0.000000,0.000000
Gate6: 0.000000,0.000000,-0.756299
Gate7: 0.000000,0.000000,0.000000
Gate8: 0.000000,0.000000,0.000000
Gate9: 0.000000,0.000000,-0.006698
