Gate1: -1.252015,2.456901,-3.719336
Gate10: 0.111187,0.936147,-1.267004
Gate11: 0.000000,0.000000,0.000000
Gate12: 0.000000,0.000000,0.000000
Gate13: 2.071889,-0.776742,-2.224964
Gate14: -0.920865,0.324888,0.444092
Gate15: 0.000000,2.051253,0.239315
Gate16: 0.000000,0.000000,0.000000
Gate17: 0.000000,0.000000,0.000000
Gate18: 0.000000,0.000000,0.000000
Gate19: 0.000000,0.000000,0.000000
Gate2: 0.000000,0.179276,4.543287
Gate20: 0.000000,0.000000,0.000000
Gate21: 0.000000,0.000000,-0.048911
Gate22: 0.453306,0.497643,-3.642473
Gate23: 0.791991,1.149560,-4.874219
Gate3: 0.000000,0.000000,0.000000
Gate4: 0.000000,0.000000,0.000000
Gate5: 0.000000,0.000000,0.000000
Gate6: 0.000000,0.000000,-1.416554
Gate7: 0.000000,0.000000,0.000000
Gate8: 0.000000,0.000000,0.000000
Gate9: 0.000000,0.000000,-1.242328
