Gate1: 0.812415,2.000023,1.967455
Gate10: 0.847552,-0.686633,-4.271939
Gate11: 0.000000,0.000000,0.000000
Gate12: 0.000000,0.000000,0.000000
Gate13: -1.699586,2.024870,-2.456167
Gate14: -0.993895,-0.515496,-3.667579
Gate15: 0.000000,0.462458,-1.703962
Gate16: 0.000000,0.000000,0.000000
Gate17: 0.000000,0.000000,0.000000
Gate18: 0.000000,0.000000,0.000000
Gate19: 0.000000,0.000000,0.000000
Gate2: 0.000000,0.538289,3.021336
Gate20: 0.000000,0.000000,0.000000
Gate21: 0.000000,0.000000,-0.952376
Gate22: 0.214437,-0.342651,-3.193442
Gate23: -2.245530,-2.300998,0.743161
Gate3: 0.000000,0.000000,0.000000
Gate4: 0.000000,0.000000,0.000000
Gate5: 0.000000,0.000000,0.000000
Gate6: 0.000000,0.000000,-0.907591
Gate7: 0.000000,0.000000,0.000000
Gate8: 0.000000,0.000000,0.000000
Gate9: 0.000000,0.000000,0.055814
