Gate1: -0.747705,0.858981,-1.645782
Gate10: 1.999435,-1.871872,-3.640536
Gate11: 0.000000,0.000000,0.000000
Gate12: 0.000000,0.000000,0.000000
Gate13: -1.908835,-2.452374,1.322924
Gate14: 0.624799,-0.594056,3.893823
Gate15: 0.000000,-2.266271,0.710196
Gate16: 0.000000,0.000000,0.000000
Gate17: 0.000000,0.000000,0.000000
Gate18: 0.000000,0.000000,0.000000
Gate19: 0.000000,0.000000,0.000000
Gate2: 0.000000,0.477822,-2.456756
Gate20: 0.000000,0.000000,0.000000
Gate21: 0.000000,0.000000,-1.494469
Gate22: 0.713680,-0.635741,4.749311
Gate23: -0.438138,3.671932,-2.889010
Gate3: 0.000000,0.000000,0.000000
Gate4: 0.000000,0.000000,0.000000
Gate5: 0.000000,0.000000,0.000000
Gate6: 0.000000,0.000000,0.792870
Gate7: 0.000000,0.000000,0.000000
Gate8: 0.000000,0.000000,0.000000
Gate9: 0.000000,0.000000,0.228381
