Gate1: 0.086831,-0.772734,-1.670750
Gate10: -0.165888,0.142048,2.110327
Gate11: 0.000000,0.000000,0.000000
Gate12: 0.000000,0.000000,0.000000
Gate13: -0.798844,-0.291011,-1.508540
Gate14: 0.856508,-0.171982,-1.974021
Gate15: 0.000000,1.978961,1.304383
Gate16: 0.000000,0.000000,0.000000
Gate17: 0.000000,0.000000,0.000000
Gate18: 0.000000,0.000000,0.000000
Gate19: 0.000000,0.000000,0.000000
Gate2: 0.000000,-0.943170,2.100172
Gate20: 0.000000,0.000000,0.000000
Gate21: 0.000000,0.000000,0.492066
Gate22: 0.572981,-0.495791,-4.395914
Gate23: -1.043375,0.012338,3.477397
Gate3: 0.000000,0.000000,0.000000
Gate4: 0.000000,0.000000,0.000000
Gate5: 0.000000,0.000000,0.000000
Gate6: 0.000000,0.000000,0.280210
Gate7: 0.000000,0.000000,0.000000
Gate8: 0.000000,0.000000,0.000000
Gate9: 0.000000,0.000000,1.448067
