Gate1: -2.387181,-1.184099,-0.353766
Gate10: -1.786863,1.300805,1.329018
Gate11: 0.000000,0.000000,0.000000
Gate12: 0.000000,0.000000,0.000000
Gate13: -2.022363,-0.769165,3.369242
Gate14: 0.044256,-0.333281,4.712109
Gate15: 0.000000,-0.948024,-1.193668
Gate16: 0.000000,0.000000,0.000000
Gate17: 0.000000,0.000000,0.000000
Gate18: 0.000000,0.000000,0.000000
Gate19: 0.000000,0.000000,0.000000
Gate2: 0.000000,0.593028,-4.443483
Gate20: 0.000000,0.000000,0.000000
Gate21: 0.000000,0.000000,1.296338
Gate22: 0.323260,0.318504,0.457081
Gate23: 0.498639,3.694238,2.574492
Gate3: 0.000000,0.000000,0.000000
Gate4: 0.000000,0.000000,0.000000
Gate5: 0.000000,0.000000,0.000000
Gate6: 0.000000,0.000000,0.244950
Gate7: 0.000000,0.000000,0.000000
Gate8: 0.000000,0.000000,0.000000
Gate9: 0.000000,0.000000,0.479269
