Gate1: 1.616174,-2.198935,4.965309
Gate10: 0.216797,0.851332,4.212565
Gate11: 0.000000,0.000000,0.000000
Gate12: 0.000000,0.000000,0.000000
Gate13: 2.478312,1.443215,-3.446950
Gate14: -0.572219,0.799558,0.467044
Gate15: 0.000000,1.474451,-3.491348
Gate16: 0.000000,0.000000,0.000000
Gate17: 0.000000,0.000000,0.000000
Gate18: 0.000000,0.000000,0.000000
Gate19: 0.000000,0.000000,0.000000
Gate2: 0.000000,-0.805314,1.446915
Gate20: 0.000000,0.000000,0.000000
Gate21: 0.000000,0.000000,-1.758687
Gate22: -0.015317,-0.542359,-1.038475
Gate23: 2.213368,1.074703,-4.413386
Gate3: 0.000000,0.000000,0.000000
Gate4: 0.000000,0.000000,0.000000
Gate5: 0.000000,0.000000,0.000000
Gate6: 0.000000,0.000000,-0.817598
Gate7: 0.000000,0.000000,0.000000
Gate8: 0.000000,0.000000,0.000000
Gate9: 0.000000,0.000000,1.224100
