Gate1: -1.130948,0.175440,1.567555
Gate10: -0.713225,0.872258,2.700302
Gate11: 0.000000,0.000000,0.000000
Gate12: 0.000000,0.000000,0.000000
Gate13: -0.372421,-2.113257,-3.454575
Gate14: -0.896343,-0.535333,-3.149531
Gate15: 0.000000,1.517250,0.940660
Gate16: 0.000000,0.000000,0.000000
Gate17: 0.000000,0.000000,0.000000
Gate18: 0.000000,0.000000,0.000000
Gate19: 0.000000,0.000000,0.000000
Gate2: 0.000000,-0.416950,0.250089
Gate20: 0.000000,0.000000,0.000000
Gate21: 0.000000,0.000000,-1.578654
Gate22: -0.402484,-0.038531,0.529406
Gate23: 0.934492,3.698180,-1.779493
Gate3: 0.000000,0.000000,0.000000
Gate4: 0.000000,0.000000,0.000000
Gate5: 0.000000,0.000000,0.000000
Gate6: 0.000000,0.000000,0.106884
Gate7: 0.000000,0.000000,0.000000
Gate8: 0.000000,0.000000,0.000000
Gate9: 0.000000,0.000000,-0.650627
