Gate1: 0.997684,1.427626,-4.432045
Gate10: 0.996472,1.092314,3.141304
Gate11: 0.000000,0.000000,0.000000
Gate12: 0.000000,0.000000,0.000000
Gate13: -0.300244,0.451687,-1.907310
Gate14: -0.243054,-0.116058,2.842210
Gate15: 0.000000,-0.183887,-0.159492
Gate16: 0.000000,0.000000,0.000000
Gate17: 0.000000,0.000000,0.000000
Gate18: 0.000000,0.000000,0.000000
Gate19: 0.000000,0.000000,0.000000
Gate2: 0.000000,0.041915,-3.669964
Gate20: 0.000000,0.000000,0.000000
Gate21: 0.000000,0.000000,-0.867940
Gate22: -0.532008,-0.154516,3.980071
Gate23: 3.399214,0.965563,-1.243486
Gate3: 0.000000,0.000000,0.000000
Gate4: 0.000000,0.000000,0.000000
Gate5: 0.000000,0.000000,0.000000
Gate6: 0.000000,0.000000,-0.631559
Gate7: 0.000000,0.000000,0.000000
Gate8: 0.000000,0.000000,0.000000
Gate9: 0.000000,0.000000,0.581916
