Gate1: 0.175584,0.287878,-4.185502
Gate10: -0.031025,0.798923,1.049265
Gate11: 0.000000,0.000000,0.000000
Gate12: 0.000000,0.000000,0.000000
Gate13: -1.201790,-2.277174,-0.508174
Gate14: 0.938209,0.464592,3.230258
Gate15: 0.000000,2.274253,4.065626
Gate16: 0.000000,0.000000,0.000000
Gate17: 0.000000,0.000000,0.000000
Gate18: 0.000000,0.000000,0.000000
Gate19: 0.000000,0.000000,0.000000
Gate2: 0.000000,-0.944026,4.368568
Gate20: 0.000000,0.000000,0.000000
Gate21: 0.000000,0.000000,0.907054
Gate22: -0.387536,0.837966,4.634596
Gate23: -2.402821,1.429845,3.770682
Gate3: 0.000000,0.000000,0.000000
Gate4: 0.000000,0.000000,0.000000
Gate5: 0.000000,0.000000,0.000000
Gate6: 0.000000,0.000000,-0.207720
Gate7: 0.000000,0.000000,0.000000
Gate8: 0.000000,0.000000,0.000000
Gate9: 0.000000,0.000000,-1.298722
