Gate1: 0.564955,0.235642,-0.375920
Gate10: -0.084015,-0.199143,1.160499
Gate11: 0.000000,0.000000,0.000000
Gate12: 0.000000,0.000000,0.000000
Gate13: 0.554832,1.180542,1.831470
Gate14: -0.237877,0.312149,0.631436
Gate15: 0.000000,2.136353,-0.703185
Gate16: 0.000000,0.000000,0.000000
Gate17: 0.000000,0.000000,0.000000
Gate18: 0.000000,0.000000,0.000000
Gate19: 0.000000,0.000000,0.000000
Gate2: 0.000000,-0.824265,0.014354
Gate20: 0.000000,0.000000,0.000000
Gate21: 0.000000,0.000000,0.174931
Gate22: 0.510749,-0.835100,2.109136
Gate23: 1.495524,0.102680,-0.098736
Gate3: 0.000000,0.000000,0.000000
Gate4: 0.000000,0.000000,0.000000
Gate5: 0.000000,0.000000,0.000000
Gate6: 0.000000,0.000000,0.007610
Gate7: 0.000000,0.000000,0.000000
Gate8: 0.000000,0.000000,0.000000
Gate9: 0.000000,0.000000,-1.512053
