Gate1: 0.684165,0.377693,4.651563
Gate10: -0.867216,0.619948,-4.317580
Gate11: 0.000000,0.000000,0.000000
Gate12: 0.000000,0.000000,0.000000
Gate13: 2.204190,0.193050,2.255117
Gate14: -0.267254,0.267570,3.850890
Gate15: 0.000000,1.364975,0.005308
Gate16: 0.000000,0.000000,0.000000
Gate17: 0.000000,0.000000,0.000000
Gate18: 0.000000,0.000000,0.000000
Gate19: 0.000000,0.000000,0.000000
Gate2: 0.000000,0.359072,0.104833
Gate20: 0.000000,0.000000,0.000000
Gate21: 0.000000,0.000000,-1.383850
Gate22: 0.442722,-0.583208,3.447247
Gate23: -0.562186,-1.965203,0.637742
Gate3: 0.000000,0.000000,0.000000
Gate4: 0.000000,0.000000,0.000000
Gate5: 0.000000,0.000000,0.000000
Gate6: 0.000000,0.000000,1.894052
Gate7: 0.000000,0.000000,0.000000
Gate8: 0.000000,0.000000,0.000000
Gate9: 0.000000,0.000000,-1.581590
