Gate1: 0.342205,-0.667021,4.479608
Gate10: 1.642732,-0.412934,-4.769877
Gate11: 0.000000,0.000000,0.000000
Gate12: 0.000000,0.000000,0.000000
Gate13: 1.898750,-1.667138,-1.953690
Gate14: 0.294756,-0.897667,-4.936642
Gate15: 0.000000,2.348433,2.444896
Gate16: 0.000000,0.000000,0.000000
Gate17: 0.000000,0.000000,0.000000
Gate18: 0.000000,0.000000,0.000000
Gate19: 0.000000,0.000000,0.000000
Gate2: 0.000000,-0.579594,1.209332
Gate20: 0.000000,0.000000,0.000000
Gate21: 0.000000,0.000000,-0.078462
Gate22: 0.317727,0.838067,0.477048
Gate23: 0.333123,3.064398,0.801390
Gate3: 0.000000,0.000000,0.000000
Gate4: 0.000000,0.000000,0.000000
Gate5: 0.000000,0.000000,0.000000
Gate6: 0.000000,0.000000,1.457239
Gate7: 0.000000,0.000000,0.000000
Gate8: 0.000000,0.000000,0.000000
Gate9: 0.000000,0.000000,1.134326
