Gate1: -1.460498,2.166644,0.417872
Gate10: -0.069874,-0.229171,3.222054
Gate11: 0.000000,0.000000,0.000000
Gate12: 0.000000,0.000000,0.000000
Gate13: -0.415034,-1.293067,-1.083427
Gate14: 0.167810,0.900531,-1.569498
Gate15: 0.000000,-0.914142,3.755916
Gate16: 0.000000,0.000000,0.000000
Gate17: 0.000000,0.000000,0.000000
Gate18: 0.000000,0.000000,0.000000
Gate19: 0.000000,0.000000,0.000000
Gate2: 0.000000,0.620929,-3.773717
Gate20: 0.000000,0.000000,0.000000
Gate21: 0.000000,0.000000,1.811154
Gate22: 0.334209,0.513633,-3.908718
Gate23: -2.462057,1.670667,-3.241527
Gate3: 0.000000,0.000000,0.000000
Gate4: 0.000000,0.000000,0.000000
Gate5: 0.000000,0.000000,0.000000
Gate6: 0.000000,0.000000,1.641718
Gate7: 0.000000,0.000000,0.000000
Gate8: 0.000000,0.000000,0.000000
Gate9: 0.000000,0.000000,-1.662604
