Gate1: 0.919788,-2.293829,-4.075449
Gate10: -0.480610,0.308969,-3.675749
Gate11: 0.000000,0.000000,0.000000
Gate12: 0.000000,0.000000,0.000000
Gate13: 1.737006,-2.297766,-4.539083
Gate14: -0.305950,-0.864968,2.080403
Gate15: 0.000000,0.812446,-3.164431
Gate16: 0.000000,0.000000,0.000000
Gate17: 0.000000,0.000000,0.000000
Gate18: 0.000000,0.000000,0.000000
Gate19: 0.000000,0.000000,0.000000
Gate2: 0.000000,0.110818,2.344067
Gate20: 0.000000,0.000000,0.000000
Gate21: 0.000000,0.000000,1.454072
Gate22: 0.099881,0.034114,0.561807
Gate23: -0.593259,-1.779240,0.194067
Gate3: 0.000000,0.000000,0.000000
Gate4: 0.000000,0.000000,0.000000
Gate5: 0.000000,0.000000,0.000000
Gate6: 0.000000,0.000000,0.578577
Gate7: 0.000000,0.000000,0.000000
Gate8: 0.000000,0.000000,0.000000
Gate9: 0.000000,0.000000,-0.561034
