Gate1: 1.838957,-2.467241,-4.719979
Gate10: -0.436158,-0.840629,-0.574913
Gate11: 0.000000,0.000000,0.000000
Gate12: 0.000000,0.000000,0.000000
Gate13: -0.370605,-1.642046,2.734607
Gate14: -0.395395,0.396300,2.471145
Gate15: 0.000000,-0.313716,4.086066
Gate16: 0.000000,0.000000,0.000000
Gate17: 0.000000,0.000000,0.000000
Gate18: 0.000000,0.000000,0.000000
Gate19: 0.000000,0.000000,0.000000
Gate2: 0.000000,0.315346,-3.367810
Gate20: 0.000000,0.000000,0.000000
Gate21: 0.000000,0.000000,0.320911
Gate22: -0.854213,-0.270874,1.108015
Gate23: -1.619618,2.452237,0.440830
Gate3: 0.000000,0.000000,0.000000
Gate4: 0.000000,0.000000,0.000000
Gate5: 0.000000,0.000000,0.000000
Gate6: 0.000000,0.000000,1.041479
Gate7: 0.000000,0.000000,0.000000
Gate8: 0.000000,0.000000,0.000000
Gate9: 0.000000,0.000000,1.895891
