Gate1: 0.981077,-0.572900,-1.412632
Gate10: 0.510905,0.471642,0.332248
Gate11: 0.000000,0.000000,0.000000
Gate12: 0.000000,0.000000,0.000000
Gate13: 1.552901,-1.672740,2.728848
Gate14: 0.628681,0.364024,4.348070
Gate15: 0.000000,2.445206,3.935107
Gate16: 0.000000,0.000000,0.000000
Gate17: 0.000000,0.000000,0.000000
Gate18: 0.000000,0.000000,0.000000
Gate19: 0.000000,0.000000,0.000000
Gate2: 0.000000,-0.397257,-4.111194
Gate20: 0.000000,0.000000,0.000000
Gate21: 0.000000,0.000000,-0.216947
Gate22: -0.578668,0.338200,2.442754
Gate23: 2.094105,1.102799,-1.430113
Gate3: 0.000000,0.000000,0.000000
Gate4: 0.000000,0.000000,0.000000
Gate5: 0.000000,0.000000,0.000000
Gate6: 0.000000,0.000000,0.679215
Gate7: 0.000000,0.000000,0.000000
Gate8: 0.000000,0.000000,0.000000
Gate9: 0.000000,0.000000,1.666274
