Gate1: 1.924380,0.776816,0.182496
Gate10: -0.753097,-0.555720,1.228915
Gate11: 0.000000,0.000000,0.000000
Gate12: 0.000000,0.000000,0.000000
Gate13: -1.181067,1.643673,-2.993833
Gate14: 0.597919,0.245877,0.440592
Gate15: 0.000000,1.793152,-0.568043
Gate16: 0.000000,0.000000,0.000000
Gate17: 0.000000,0.000000,0.000000
Gate18: 0.000000,0.000000,0.000000
Gate19: 0.000000,0.000000,0.000000
Gate2: 0.000000,-0.623447,-1.581241
Gate20: 0.000000,0.000000,0.000000
Gate21: 0.000000,0.000000,-1.768429
Gate22: -0.203528,-0.256099,-0.200047
Gate23: 0.702904,2.079785,1.093028
Gate3: 0.000000,0.000000,0.000000
Gate4: 0.000000,0.000000,0.000000
Gate5: 0.000000,0.000000,0.000000
Gate6: 0.000000,0.000000,0.572854
Gate7: 0.000000,0.000000,0.000000
Gate8: 0.000000,0.000000,0.000000
Gate9: 0.000000,0.000000,1.260446
