Gate1: 0.440399,-0.911965,-4.013562
Gate10: -0.915677,-0.892328,1.779277
Gate11: 0.000000,0.000000,0.000000
Gate12: 0.000000,0.000000,0.000000
Gate13: -0.083302,1.492152,0.198590
Gate14: -0.541457,0.811582,1.124754
Gate15: 0.000000,1.063243,-2.649476
Gate16: 0.000000,0.000000,0.000000
Gate17: 0.000000,0.000000,0.000000
Gate18: 0.000000,0.000000,0.000000
Gate19: 0.000000,0.000000,0.000000
Gate2: 0.000000,0.778479,-3.204734
Gate20: 0.000000,0.000000,0.000000
Gate21: 0.000000,0.000000,0.377921
Gate22: -0.105599,0.881171,-1.422685
Gate23: 0.102324,-0.996886,1.939904
Gate3: 0.000000,0.000000,0.000000
Gate4: 0.000000,0.000000,0.000000
Gate5: 0.000000,0.000000,0.000000
Gate6: 0.000000,0.000000,0.339014
Gate7: 0.000000,0.000000,0.000000
Gate8: 0.000000,0.000000,0.000000
Gate9: 0.000000,0.000000,0.782075
