Gate1: 1.926767,-0.279054,-4.835957
Gate10: -1.599170,0.284053,1.581962
Gate11: 0.000000,0.000000,0.000000
Gate12: 0.000000,0.000000,0.000000
Gate13: 1.029519,-1.577700,-4.557050
Gate14: -0.634757,-0.222605,0.325613
Gate15: 0.000000,1.063453,1.173064
Gate16: 0.000000,0.000000,0.000000
Gate17: 0.000000,0.000000,0.000000
Gate18: 0.000000,0.000000,0.000000
Gate19: 0.000000,0.000000,0.000000
Gate2: 0.000000,0.454317,4.616842
Gate20: 0.000000,0.000000,0.000000
Gate21: 0.000000,0.000000,-0.030105
Gate22: 0.540972,0.940307,-4.678483
Gate23: 1.312247,-1.681549,-4.330836
Gate3: 0.000000,0.000000,0.000000
Gate4: 0.000000,0.000000,0.000000
Gate5: 0.000000,0.000000,0.000000
Gate6: 0.000000,0.000000,1.553295
Gate7: 0.000000,0.000000,0.000000
Gate8: 0.000000,0.000000,0.000000
Gate9: 0.000000,0.000000,1.018594
