Gate1: -1.210598,2.263609,2.731271
Gate10: -0.876515,0.434336,-1.211176
Gate11: 0.000000,0.000000,0.000000
Gate12: 0.000000,0.000000,0.000000
Gate13: 0.087293,-1.728390,-0.415599
Gate14: 0.816446,-0.831409,-4.568831
Gate15: 0.000000,-1.237144,-3.084791
Gate16: 0.000000,0.000000,0.000000
Gate17: 0.000000,0.000000,0.000000
Gate18: 0.000000,0.000000,0.000000
Gate19: 0.000000,0.000000,0.000000
Gate2: 0.000000,0.909447,2.433942
Gate20: 0.000000,0.000000,0.000000
Gate21: 0.000000,0.000000,1.552804
Gate22: -0.491180,0.599082,2.345435
Gate23: 0.944955,-0.863395,-4.402221
Gate3: 0.000000,0.000000,0.000000
Gate4: 0.000000,0.000000,0.000000
Gate5: 0.000000,0.000000,0.000000
Gate6: 0.000000,0.000000,-0.330953
Gate7: 0.000000,0.000000,0.000000
Gate8: 0.000000,0.000000,0.000000
Gate9: 0.000000,0.000000,-1.734697
