Gate1: -1.767070,-2.401722,0.634349
Gate10: 0.461683,0.405110,0.917337
Gate11: 0.000000,0.000000,0.000000
Gate12: 0.000000,0.000000,0.000000
Gate13: -1.830004,-1.822225,2.321738
Gate14: -0.412295,0.841672,2.494636
Gate15: 0.000000,-1.232973,-0.822392
Gate16: 0.000000,0.000000,0.000000
Gate17: 0.000000,0.000000,0.000000
Gate18: 0.000000,0.000000,0.000000
Gate19: 0.000000,0.000000,0.000000
Gate2: 0.000000,-0.194569,0.530542
Gate20: 0.000000,0.000000,0.000000
Gate21: 0.000000,0.000000,1.846131
Gate22: -0.337379,0.811861,-1.756699
Gate23: -1.998093,0.114441,2.987007
Gate3: 0.000000,0.000000,0.000000
Gate4: 0.000000,0.000000,0.000000
Gate5: 0.000000,0.000000,0.000000
Gate6: 0.000000,0.000000,-0.791306
Gate7: 0.000000,0.000000,0.000000
Gate8: 0.000000,0.000000,0.000000
Gate9: 0.000000,0.000000,-1.090587
