Gate1: -2.173628,-1.332370,4.161202
Gate10: -0.517861,0.082229,-0.792575
Gate11: 0.000000,0.000000,0.000000
Gate12: 0.000000,0.000000,0.000000
Gate13: 0.563547,-1.711072,-4.963028
Gate14: 0.531665,-0.248069,1.705203
Gate15: 0.000000,-0.671029,-1.633255
Gate16: 0.000000,0.000000,0.000000
Gate17: 0.000000,0.000000,0.000000
Gate18: 0.000000,0.000000,0.000000
Gate19: 0.000000,0.000000,0.000000
Gate2: 0.000000,-0.161297,-0.671318
Gate20: 0.000000,0.000000,0.000000
Gate21: 0.000000,0.000000,0.921440
Gate22: 0.006909,0.340066,-4.093250
Gate23: -2.114775,1.091600,-4.344573
Gate3: 0.000000,0.000000,0.000000
Gate4: 0.000000,0.000000,0.000000
Gate5: 0.000000,0.000000,0.000000
Gate6: 0.000000,0.000000,-1.525954
Gate7: 0.000000,0.000000,0.000000
Gate8: 0.000000,0.000000,0.000000
Gate9: 0.000000,0.000000,-1.382011
