Gate1: -0.316154,-0.625403,-2.687633
Gate10: -0.997376,0.216348,-1.514775
Gate11: 0.000000,0.000000,0.000000
Gate12: 0.000000,0.000000,0.000000
Gate13: 0.583960,-0.171315,-4.763954
Gate14: -0.291981,0.130746,2.247754
Gate15: 0.000000,-0.342210,3.600467
Gate16: 0.000000,0.000000,0.000000
Gate17: 0.000000,0.000000,0.000000
Gate18: 0.000000,0.000000,0.000000
Gate19: 0.000000,0.000000,0.000000
Gate2: 0.000000,-0.641196,4.416906
Gate20: 0.000000,0.000000,0.000000
Gate21: 0.000000,0.000000,1.890102
Gate22: 0.383481,-0.949495,3.460134
Gate23: 0.640312,-1.665849,-3.767501
Gate3: 0.000000,0.000000,0.000000
Gate4: 0.000000,0.000000,0.000000
Gate5: 0.000000,0.000000,0.000000
Gate6: 0.000000,0.000000,0.153092
Gate7: 0.000000,0.000000,0.000000
Gate8: 0.000000,0.000000,0.000000
Gate9: 0.000000,0.000000,-0.244186
