Gate1: 1.359256,0.508279,3.578372
Gate10: -1.427572,-0.615910,-2.640227
Gate11: 0.000000,0.000000,0.000000
Gate12: 0.000000,0.000000,0.000000
Gate13: 1.923004,-1.832166,1.531934
Gate14: 0.159479,0.746945,0.331710
Gate15: 0.000000,0.345121,-4.813516
Gate16: 0.000000,0.000000,0.000000
Gate17: 0.000000,0.000000,0.000000
Gate18: 0.000000,0.000000,0.000000
Gate19: 0.000000,0.000000,0.000000
Gate2: 0.000000,0.057196,2.593726
Gate20: 0.000000,0.000000,0.000000
Gate21: 0.000000,0.000000,0.099556
Gate22: -0.192443,-0.887516,-2.395673
Gate23: -0.452426,-1.121967,-1.315947
Gate3: 0.000000,0.000000,0.000000
Gate4: 0.000000,0.000000,0.000000
Gate5: 0.000000,0.000000,0.000000
Gate6: 0.000000,0.000000,0.136070
Gate7: 0.000000,0.000000,0.000000
Gate8: 0.000000,0.000000,0.000000
Gate9: 0.000000,0.000000,0.049580
