Gate1: 0.712928,0.373820,-4.443382
Gate10: -0.943384,-0.097839,-0.752087
Gate11: 0.000000,0.000000,0.000000
Gate12: 0.000000,0.000000,0.000000
Gate13: -0.727657,-1.473742,-4.249729
Gate14: 0.941799,-0.258224,0.808069
Gate15: 0.000000,-1.460813,-4.362854
Gate16: 0.000000,0.000000,0.000000
Gate17: 0.000000,0.000000,0.000000
Gate18: 0.000000,0.000000,0.000000
Gate19: 0.000000,0.000000,0.000000
Gate2: 0.000000,-0.807413,0.936799
Gate20: 0.000000,0.000000,0.000000
Gate21: 0.000000,0.000000,-1.111661
Gate22: -0.361547,0.883991,-2.453858
Gate23: 0.717251,-1.101489,4.124701
Gate3: 0.000000,0.000000,0.000000
Gate4: 0.000000,0.000000,0.000000
Gate5: 0.000000,0.000000,0.000000
Gate6: 0.000000,0.000000,0.519838
Gate7: 0.000000,0.000000,0.000000
Gate8: 0.000000,0.000000,0.000000
Gate9: 0.000000,0.000000,-1.241912
