Gate1: 1.841412,-1.983770,3.145370
Gate10: 0.054139,-0.892940,1.617061
Gate11: 0.000000,0.000000,0.000000
Gate12: 0.000000,0.000000,0.000000
Gate13: -0.177793,-0.868024,-1.100519
Gate14: -0.450288,-0.479991,2.828002
Gate15: 0.000000,-1.053420,-3.444512
Gate16: 0.000000,0.000000,0.000000
Gate17: 0.000000,0.000000,0.000000
Gate18: 0.000000,0.000000,0.000000
Gate19: 0.000000,0.000000,0.000000
Gate2: 0.000000,0.887618,-0.570263
Gate20: 0.000000,0.000000,0.000000
Gate21: 0.000000,0.000000,-0.605905
Gate22: 0.851878,0.194243,-3.659709
Gate23: -0.491983,1.849970,-0.142238
Gate3: 0.000000,0.000000,0.000000
Gate4: 0.000000,0.000000,0.000000
Gate5: 0.000000,0.000000,0.000000
Gate6: 0.000000,0.000000,-0.007765
Gate7: 0.000000,0.000000,0.000000
Gate8: 0.000000,0.000000,0.000000
Gate9: 0.000000,0.000000,-1.696012
