Gate1: 1.142656,-0.414981,1.977015
Gate10: -1.201684,-0.542797,-4.803025
Gate11: 0.000000,0.000000,0.000000
Gate12: 0.000000,0.000000,0.000000
Gate13: 0.502409,1.874016,2.044321
Gate14: -0.768871,0.234891,4.951111
Gate15: 0.000000,2.365447,4.844702
Gate16: 0.000000,0.000000,0.000000
Gate17: 0.000000,0.000000,0.000000
Gate18: 0.000000,0.000000,0.000000
Gate19: 0.000000,0.000000,0.000000
Gate2: 0.000000,0.252706,-0.111369
Gate20: 0.000000,0.000000,0.000000
Gate21: 0.000000,0.000000,-1.173507
Gate22: -0.195440,0.563789,-0.122175
Gate23: 3.609653,-1.175369,-3.145226
Gate3: 0.000000,0.000000,0.000000
Gate4: 0.000000,0.000000,0.000000
Gate5: 0.000000,0.000000,0.000000
Gate6: 0.000000,0.000000,1.943060
Gate7: 0.000000,0.000000,0.000000
Gate8: 0.000000,0.000000,0.000000
Gate9: 0.000000,0.000000,1.676748
