Gate1: 1.053974,1.705428,3.320609
Gate10: -0.476039,-1.401938,-4.868526
Gate11: 0.000000,0.000000,0.000000
Gate12: 0.000000,0.000000,0.000000
Gate13: 2.473483,-0.680950,-2.632188
Gate14: -0.043126,0.270450,-1.868496
Gate15: 0.000000,-2.107208,1.340007
Gate16: 0.000000,0.000000,0.000000
Gate17: 0.000000,0.000000,0.000000
Gate18: 0.000000,0.000000,0.000000
Gate19: 0.000000,0.000000,0.000000
Gate2: 0.000000,-0.820509,-1.164830
Gate20: 0.000000,0.000000,0.000000
Gate21: 0.000000,0.000000,1.220395
Gate22: -0.525860,0.330002,-4.138223
Gate23: 0.527798,-0.218554,-3.864600
Gate3: 0.000000,0.000000,0.000000
Gate4: 0.000000,0.000000,0.000000
Gate5: 0.000000,0.000000,0.000000
Gate6: 0.000000,0.000000,-0.532151
Gate7: 0.000000,0.000000,0.000000
Gate8: 0.000000,0.000000,0.000000
Gate9: 0.000000,0.000000,-0.531965
