Gate1: -2.190807,2.208047,3.087827
Gate10: -0.529092,-0.807785,3.532594
Gate11: 0.000000,0.000000,0.000000
Gate12: 0.000000,0.000000,0.000000
Gate13: 0.357810,-2.183265,1.485539
Gate14: 0.756875,0.647971,-3.167774
Gate15: 0.000000,2.254905,3.560030
Gate16: 0.000000,0.000000,0.000000
Gate17: 0.000000,0.000000,0.000000
Gate18: 0.000000,0.000000,0.000000
Gate19: 0.000000,0.000000,0.000000
Gate2: 0.000000,-0.790329,3.566086
Gate20: 0.000000,0.000000,0.000000
Gate21: 0.000000,0.000000,0.983194
Gate22: -0.602289,-0.538016,3.054690
Gate23: -1.241107,1.138407,2.003797
Gate3: 0.000000,0.000000,0.000000
Gate4: 0.000000,0.000000,0.000000
Gate5: 0.000000,0.000000,0.000000
Gate6: 0.000000,0.000000,-1.703783
Gate7: 0.000000,0.000000,0.000000
Gate8: 0.000000,0.000000,0.000000
Gate9: 0.000000,0.000000,-1.076880
