Gate1: -1.483518,-1.670777,-2.924193
Gate10: 1.469281,1.627975,-1.086318
Gate11: 0.000000,0.000000,0.000000
Gate12: 0.000000,0.000000,0.000000
Gate13: 1.669174,2.169569,4.500924
Gate14: -0.298007,0.579550,-4.608668
Gate15: 0.000000,-0.199965,-1.269575
Gate16: 0.000000,0.000000,0.000000
Gate17: 0.000000,0.000000,0.000000
Gate18: 0.000000,0.000000,0.000000
Gate19: 0.000000,0.000000,0.000000
Gate2: 0.000000,0.516048,2.791065
Gate20: 0.000000,0.000000,0.000000
Gate21: 0.000000,0.000000,1.966106
Gate22: 0.100795,-0.048340,0.968355
Gate23: -1.154845,2.590777,-4.671121
Gate3: 0.000000,0.000000,0.000000
Gate4: 0.000000,0.000000,0.000000
Gate5: 0.000000,0.000000,0.000000
Gate6: 0.000000,0.000000,-0.746310
Gate7: 0.000000,0.000000,0.000000
Gate8: 0.000000,0.000000,0.000000
Gate9: 0.000000,0.000000,0.203971
