Gate1: 0.018425,2.100588,1.290848
Gate10: -1.187977,0.574908,3.708277
Gate11: 0.000000,0.000000,0.000000
Gate12: 0.000000,0.000000,0.000000
Gate13: 0.821564,0.251053,3.492431
Gate14: -0.077903,0.159210,-4.834106
Gate15: 0.000000,-1.692276,-4.698705
Gate16: 0.000000,0.000000,0.000000
Gate17: 0.000000,0.000000,0.000000
Gate18: 0.000000,0.000000,0.000000
Gate19: 0.000000,0.000000,0.000000
Gate2: 0.000000,0.488825,0.848415
Gate20: 0.000000,0.000000,0.000000
Gate21: 0.000000,0.000000,1.849072
Gate22: -0.511833,0.122029,-0.629683
Gate23: -4.758166,-2.537069,-4.787418
Gate3: 0.000000,0.000000,0.000000
Gate4: 0.000000,0.000000,0.000000
Gate5: 0.000000,0.000000,0.000000
Gate6: 0.000000,0.000000,-0.282088
Gate7: 0.000000,0.000000,0.000000
Gate8: 0.000000,0.000000,0.000000
Gate9: 0.000000,0.000000,1.719613
