Gate1: -0.683604,1.092941,-0.670972
Gate10: -0.275325,-1.239738,-4.903145
Gate11: 0.000000,0.000000,0.000000
Gate12: 0.000000,0.000000,0.000000
Gate13: -1.490471,2.362783,4.224260
Gate14: -0.933416,-0.371512,-3.154365
Gate15: 0.000000,0.301250,4.087068
Gate16: 0.000000,0.000000,0.000000
Gate17: 0.000000,0.000000,0.000000
Gate18: 0.000000,0.000000,0.000000
Gate19: 0.000000,0.000000,0.000000
Gate2: 0.000000,0.105974,-4.811953
Gate20: 0.000000,0.000000,0.000000
Gate21: 0.000000,0.000000,-1.606825
Gate22: -0.320256,-0.576392,-4.884279
Gate23: 0.807621,-3.775467,-0.911481
Gate3: 0.000000,0.000000,0.000000
Gate4: 0.000000,0.000000,0.000000
Gate5: 0.000000,0.000000,0.000000
Gate6: 0.000000,0.000000,-1.047241
Gate7: 0.000000,0.000000,0.000000
Gate8: 0.000000,0.000000,0.000000
Gate9: 0.000000,0.000000,0.918134
