Gate1: 0.428345,0.829452,4.894147
Gate10: -0.887237,-0.870571,-4.598943
Gate11: 0.000000,0.000000,0.000000
Gate12: 0.000000,0.000000,0.000000
Gate13: -0.114770,-0.486505,1.353355
Gate14: -0.056691,0.690992,1.204410
Gate15: 0.000000,-1.459246,3.309838
Gate16: 0.000000,0.000000,0.000000
Gate17: 0.000000,0.000000,0.000000
Gate18: 0.000000,0.000000,0.000000
Gate19: 0.000000,0.000000,0.000000
Gate2: 0.000000,-0.725424,-3.251654
Gate20: 0.000000,0.000000,0.000000
Gate21: 0.000000,0.000000,-0.246558
Gate22: -0.037389,-0.290800,4.868404
Gate23: -0.196986,3.591191,3.053874
Gate3: 0.000000,0.000000,0.000000
Gate4: 0.000000,0.000000,0.000000
Gate5: 0.000000,0.000000,0.000000
Gate6: 0.000000,0.000000,-0.176453
Gate7: 0.000000,0.000000,0.000000
Gate8: 0.000000,0.000000,0.000000
Gate9: 0.000000,0.000000,-1.221589
