Gate1: -1.376002,-0.423414,2.067189
Gate10: -0.558273,-0.308358,1.840143
Gate11: 0.000000,0.000000,0.000000
Gate12: 0.000000,0.000000,0.000000
Gate13: -0.859456,-0.097154,-1.393025
Gate14: 0.873150,-0.421177,-1.304687
Gate15: 0.000000,-0.438911,4.193325
Gate16: 0.000000,0.000000,0.000000
Gate17: 0.000000,0.000000,0.000000
Gate18: 0.000000,0.000000,0.000000
Gate19: 0.000000,0.000000,0.000000
Gate2: 0.000000,-0.707287,2.124579
Gate20: 0.000000,0.000000,0.000000
Gate21: 0.000000,0.000000,0.430421
Gate22: 0.641758,0.150574,-0.055580
Gate23: 1.233807,0.431578,1.916366
Gate3: 0.000000,0.000000,0.000000
Gate4: 0.000000,0.000000,0.000000
Gate5: 0.000000,0.000000,0.000000
Gate6: 0.000000,0.000000,1.865853
Gate7: 0.000000,0.000000,0.000000
Gate8: 0.000000,0.000000,0.000000
Gate9: 0.000000,0.000000,1.020785
