Gate1: -2.127840,0.237899,-1.338251
Gate10: 0.374078,-1.574602,4.321117
Gate11: 0.000000,0.000000,0.000000
Gate12: 0.000000,0.000000,0.000000
Gate13: -1.839421,-1.290471,-4.394616
Gate14: -0.654108,-0.553401,-1.089075
Gate15: 0.000000,-0.280836,1.654304
Gate16: 0.000000,0.000000,0.000000
Gate17: 0.000000,0.000000,0.000000
Gate18: 0.000000,0.000000,0.000000
Gate19: 0.000000,0.000000,0.000000
Gate2: 0.000000,-0.207108,-4.442623
Gate20: 0.000000,0.000000,0.000000
Gate21: 0.000000,0.000000,0.982434
Gate22: -0.508961,-0.628263,3.285795
Gate23: 0.631306,-1.047930,2.630723
Gate3: 0.000000,0.000000,0.000000
Gate4: 0.000000,0.000000,0.000000
Gate5: 0.000000,0.000000,0.000000
Gate6: 0.000000,0.000000,1.035038
Gate7: 0.000000,0.000000,0.000000
Gate8: 0.000000,0.000000,0.000000
Gate9: 0.000000,0.000000,-1.768413
