Gate1: 2.272622,-1.707487,-3.515924
Gate10: -0.507651,-0.882810,0.538650
Gate11: 0.000000,0.000000,0.000000
Gate12: 0.000000,0.000000,0.000000
Gate13: 1.365914,-1.399290,-1.787222
Gate14: 0.617798,-0.338547,0.036866
Gate15: 0.000000,-1.377291,-2.333207
Gate16: 0.000000,0.000000,0.000000
Gate17: 0.000000,0.000000,0.000000
Gate18: 0.000000,0.000000,0.000000
Gate19: 0.000000,0.000000,0.000000
Gate2: 0.000000,0.461387,4.280903
Gate20: 0.000000,0.000000,0.000000
Gate21: 0.000000,0.000000,-1.991990
Gate22: 0.000354,-0.668816,0.008637
Gate23: -0.032815,-3.896696,1.904135
Gate3: 0.000000,0.000000,0.000000
Gate4: 0.000000,0.000000,0.000000
Gate5: 0.000000,0.000000,0.000000
Gate6: 0.000000,0.000000,0.943221
Gate7: 0.000000,0.000000,0.000000
Gate8: 0.000000,0.000000,0.000000
Gate9: 0.000000,0.000000,1.144844
