Gate1: -2.498920,0.656900,-0.256623
Gate10: 0.844084,-1.534335,0.013706
Gate11: 0.000000,0.000000,0.000000
Gate12: 0.000000,0.000000,0.000000
Gate13: -0.673573,-1.417670,-4.980948
Gate14: -0.852487,0.793858,1.820225
Gate15: 0.000000,-0.142758,-4.010285
Gate16: 0.000000,0.000000,0.000000
Gate17: 0.000000,0.000000,0.000000
Gate18: 0.000000,0.000000,0.000000
Gate19: 0.000000,0.000000,0.000000
Gate2: 0.000000,0.968429,1.362045
Gate20: 0.000000,0.000000,0.000000
Gate21: 0.000000,0.000000,-0.838059
Gate22: -0.497186,-0.025530,-0.718884
Gate23: -4.076977,0.186030,1.649561
Gate3: 0.000000,0.000000,0.000000
Gate4: 0.000000,0.000000,0.000000
Gate5: 0.000000,0.000000,0.000000
Gate6: 0.000000,0.000000,1.331074
Gate7: 0.000000,0.000000,0.000000
Gate8: 0.000000,0.000000,0.000000
Gate9: 0.000000,0.000000,0.666630
