Gate1: 1.314224,2.029233,-0.786381
Gate10: -0.761985,0.152841,-2.792724
Gate11: 0.000000,0.000000,0.000000
Gate12: 0.000000,0.000000,0.000000
Gate13: -2.493067,-0.135955,-2.956111
Gate14: -0.164393,-0.375256,2.784581
Gate15: 0.000000,0.003137,2.347172
Gate16: 0.000000,0.000000,0.000000
Gate17: 0.000000,0.000000,0.000000
Gate18: 0.000000,0.000000,0.000000
Gate19: 0.000000,0.000000,0.000000
Gate2: 0.000000,-0.010529,2.063854
Gate20: 0.000000,0.000000,0.000000
Gate21: 0.000000,0.000000,-0.572933
Gate22: 0.236367,-0.536149,-1.321192
Gate23: 3.907377,-1.366032,-4.243718
Gate3: 0.000000,0.000000,0.000000
Gate4: 0.000000,0.000000,0.000000
Gate5: 0.000000,0.000000,0.000000
Gate6: 0.000000,0.000000,-0.801723
Gate7: 0.000000,0.000000,0.000000
Gate8: 0.000000,0.000000,0.000000
Gate9: 0.000000,0.000000,-0.627972
