Gate1: 1.030656,-0.044986,4.772834
Gate10: 0.631210,0.620732,-2.131472
Gate11: 0.000000,0.000000,0.000000
Gate12: 0.000000,0.000000,0.000000
Gate13: 2.038568,0.463162,4.603835
Gate14: 0.107381,-0.693159,3.197038
Gate15: 0.000000,-2.486349,2.955133
Gate16: 0.000000,0.000000,0.000000
Gate17: 0.000000,0.000000,0.000000
Gate18: 0.000000,0.000000,0.000000
Gate19: 0.000000,0.000000,0.000000
Gate2: 0.000000,-0.142251,-3.890649
Gate20: 0.000000,0.000000,0.000000
Gate21: 0.000000,0.000000,0.917208
Gate22: -0.551855,0.219254,-1.997788
Gate23: 4.452129,1.264931,-4.884711
Gate3: 0.000000,0.000000,0.000000
Gate4: 0.000000,0.000000,0.000000
Gate5: 0.000000,0.000000,0.000000
Gate6: 0.000000,0.000000,-1.788396
Gate7: 0.000000,0.000000,0.000000
Gate8: 0.000000,0.000000,0.000000
Gate9: 0.000000,0.000000,1.123038
