Gate1: -1.762281,1.288562,-0.670263
Gate10: 1.835734,-1.065129,4.561769
Gate11: 0.000000,0.000000,0.000000
Gate12: 0.000000,0.000000,0.000000
Gate13: 0.496467,1.905170,4.421945
Gate14: 0.406809,0.003164,-2.776461
Gate15: 0.000000,1.355939,-1.729373
Gate16: 0.000000,0.000000,0.000000
Gate17: 0.000000,0.000000,0.000000
Gate18: 0.000000,0.000000,0.000000
Gate19: 0.000000,0.000000,0.000000
Gate2: 0.000000,0.184748,0.010545
Gate20: 0.000000,0.000000,0.000000
Gate21: 0.000000,0.000000,-0.987756
Gate22: -0.583270,-0.371499,4.880878
Gate23: -2.570282,-3.024042,-1.261009
Gate3: 0.000000,0.000000,0.000000
Gate4: 0.000000,0.000000,0.000000
Gate5: 0.000000,0.000000,0.000000
Gate6: 0.000000,0.000000,-1.562396
Gate7: 0.000000,0.000000,0.000000
Gate8: 0.000000,0.000000,0.000000
Gate9: 0.000000,0.000000,-1.830940
