Gate1: -1.158887,-0.389045,-1.131652
Gate10: 0.587926,-0.005193,4.804743
Gate11: 0.000000,0.000000,0.000000
Gate12: 0.000000,0.000000,0.000000
Gate13: -1.198462,2.270163,-3.623741
Gate14: 0.140847,0.380097,-4.061698
Gate15: 0.000000,-0.505313,2.710819
Gate16: 0.000000,0.000000,0.000000
Gate17: 0.000000,0.000000,0.000000
Gate18: 0.000000,0.000000,0.000000
Gate19: 0.000000,0.000000,0.000000
Gate2: 0.000000,-0.668733,2.592576
Gate20: 0.000000,0.000000,0.000000
Gate21: 0.000000,0.000000,0.744662
Gate22: 0.789692,-0.511717,4.526739
Gate23: -0.362696,-1.450213,-1.109643
Gate3: 0.000000,0.000000,0.000000
Gate4: 0.000000,0.000000,0.000000
Gate5: 0.000000,0.000000,0.000000
Gate6: 0.000000,0.000000,0.187598
Gate7: 0.000000,0.000000,0.000000
Gate8: 0.000000,0.000000,0.000000
Gate9: 0.000000,0.000000,-1.305702
