Gate1: -1.441616,-0.880136,-4.951234
Gate10: 0.348316,0.983093,-1.185765
Gate11: 0.000000,0.000000,0.000000
Gate12: 0.000000,0.000000,0.000000
Gate13: 0.782359,-0.236132,2.966976
Gate14: 0.174525,-0.134998,-0.044589
Gate15: 0.000000,-2.181620,0.526315
Gate16: 0.000000,0.000000,0.000000
Gate17: 0.000000,0.000000,0.000000
Gate18: 0.000000,0.000000,0.000000
Gate19: 0.000000,0.000000,0.000000
Gate2: 0.000000,0.149361,0.915961
Gate20: 0.000000,0.000000,0.000000
Gate21: 0.000000,0.000000,0.397372
Gate22: -0.036319,-0.177921,4.819332
Gate23: 2.101054,-2.207845,3.710841
Gate3: 0.000000,0.000000,0.000000
Gate4: 0.000000,0.000000,0.000000
Gate5: 0.000000,0.000000,0.000000
Gate6: 0.000000,0.000000,0.744687
Gate7: 0.000000,0.000000,0.000000
Gate8: 0.000000,0.000000,0.000000
Gate9: 0.000000,0.000000,-1.994145
