Gate1: -1.169515,-2.265845,-4.022426
Gate10: -0.578080,0.818820,-3.069698
Gate11: 0.000000,0.000000,0.000000
Gate12: 0.000000,0.000000,0.000000
Gate13: -1.932765,0.387444,1.279089
Gate14: -0.773063,-0.025693,-1.696689
Gate15: 0.000000,0.882217,3.936030
Gate16: 0.000000,0.000000,0.000000
Gate17: 0.000000,0.000000,0.000000
Gate18: 0.000000,0.000000,0.000000
Gate19: 0.000000,0.000000,0.000000
Gate2: 0.000000,-0.280288,2.773975
Gate20: 0.000000,0.000000,0.000000
Gate21: 0.000000,0.000000,-1.459032
Gate22: 0.697845,-0.090810,1.146811
Gate23: 1.893366,-1.839023,-2.955300
Gate3: 0.000000,0.000000,0.000000
Gate4: 0.000000,0.000000,0.000000
Gate5: 0.000000,0.000000,0.000000
Gate6: 0.000000,0.000000,-1.217354
Gate7: 0.000000,0.000000,0.000000
Gate8: 0.000000,0.000000,0.000000
Gate9: 0.000000,0.000000,-0.561049
