Gate1: -0.870965,0.721613,4.327246
Gate10: -0.510311,0.742173,1.071081
Gate11: 0.000000,0.000000,0.000000
Gate12: 0.000000,0.000000,0.000000
Gate13: -1.204047,-1.287126,0.671720
Gate14: 0.714461,-0.811097,2.818800
Gate15: 0.000000,-0.703012,1.806242
Gate16: 0.000000,0.000000,0.000000
Gate17: 0.000000,0.000000,0.000000
Gate18: 0.000000,0.000000,0.000000
Gate19: 0.000000,0.000000,0.000000
Gate2: 0.000000,-0.091575,2.975420
Gate20: 0.000000,0.000000,0.000000
Gate21: 0.000000,0.000000,-0.443325
Gate22: -0.896835,-0.910142,1.853005
Gate23: -1.268627,-0.203615,-1.426708
Gate3: 0.000000,0.000000,0.000000
Gate4: 0.000000,0.000000,0.000000
Gate5: 0.000000,0.000000,0.000000
Gate6: 0.000000,0.000000,-1.708991
Gate7: 0.000000,0.000000,0.000000
Gate8: 0.000000,0.000000,0.000000
Gate9: 0.000000,0.000000,-0.407803
