Gate1: -1.041786,1.468246,1.121255
Gate10: -0.948729,1.078438,3.745930
Gate11: 0.000000,0.000000,0.000000
Gate12: 0.000000,0.000000,0.000000
Gate13: -1.172846,-0.098832,3.991407
Gate14: -0.216280,0.478666,0.871064
Gate15: 0.000000,-2.054646,1.484004
Gate16: 0.000000,0.000000,0.000000
Gate17: 0.000000,0.000000,0.000000
Gate18: 0.000000,0.000000,0.000000
Gate19: 0.000000,0.000000,0.000000
Gate2: 0.000000,0.706956,-4.609620
Gate20: 0.000000,0.000000,0.000000
Gate21: 0.000000,0.000000,-1.427311
Gate22: -0.407602,-0.859385,3.365639
Gate23: -1.723731,3.441563,-1.214757
Gate3: 0.000000,0.000000,0.000000
Gate4: 0.000000,0.000000,0.000000
Gate5: 0.000000,0.000000,0.000000
Gate6: 0.000000,0.000000,-1.151998
Gate7: 0.000000,0.000000,0.000000
Gate8: 0.000000,0.000000,0.000000
Gate9: 0.000000,0.000000,0.722215
