Gate1: 0.302765,0.279350,4.146711
Gate10: 0.171247,1.955568,3.576711
Gate11: 0.000000,0.000000,0.000000
Gate12: 0.000000,0.000000,0.000000
Gate13: 1.895089,-0.229809,1.321308
Gate14: 0.431105,-0.206981,-4.243274
Gate15: 0.000000,-0.571542,-3.645217
Gate16: 0.000000,0.000000,0.000000
Gate17: 0.000000,0.000000,0.000000
Gate18: 0.000000,0.000000,0.000000
Gate19: 0.000000,0.000000,0.000000
Gate2: 0.000000,0.068094,-1.127585
Gate20: 0.000000,0.000000,0.000000
Gate21: 0.000000,0.000000,-0.583479
Gate22: 0.818636,-0.715781,-2.706505
Gate23: -2.195256,0.275444,-4.925168
Gate3: 0.000000,0.000000,0.000000
Gate4: 0.000000,0.000000,0.000000
Gate5: 0.000000,0.000000,0.000000
Gate6: 0.000000,0.000000,1.338650
Gate7: 0.000000,0.000000,0.000000
Gate8: 0.000000,0.000000,0.000000
Gate9: 0.000000,0.000000,1.115926
