Gate1: -0.209555,1.862940,3.459778
Gate10: 1.728638,1.258581,-4.356079
Gate11: 0.000000,0.000000,0.000000
Gate12: 0.000000,0.000000,0.000000
Gate13: -0.971935,1.454392,-0.469406
Gate14: -0.232487,0.943766,2.882131
Gate15: 0.000000,-2.416324,2.475707
Gate16: 0.000000,0.000000,0.000000
Gate17: 0.000000,0.000000,0.000000
Gate18: 0.000000,0.000000,0.000000
Gate19: 0.000000,0.000000,0.000000
Gate2: 0.000000,-0.472132,-3.240003
Gate20: 0.000000,0.000000,0.000000
Gate21: 0.000000,0.000000,-1.688539
Gate22: 0.752464,-0.717268,-3.166213
Gate23: -3.063754,4.512905,-4.000061
Gate3: 0.000000,0.000000,0.000000
Gate4: 0.000000,0.000000,0.000000
Gate5: 0.000000,0.000000,0.000000
Gate6: 0.000000,0.000000,1.366891
Gate7: 0.000000,0.000000,0.000000
Gate8: 0.000000,0.000000,0.000000
Gate9: 0.000000,0.000000,-0.131462
