Gate1: 2.392193,-1.255346,3.594376
Gate10: 1.288253,0.217475,0.210994
Gate11: 0.000000,0.000000,0.000000
Gate12: 0.000000,0.000000,0.000000
Gate13: 0.079834,1.472780,2.633991
Gate14: 0.531751,0.738878,-1.405328
Gate15: 0.000000,-1.814214,-3.279016
Gate16: 0.000000,0.000000,0.000000
Gate17: 0.000000,0.000000,0.000000
Gate18: 0.000000,0.000000,0.000000
Gate19: 0.000000,0.000000,0.000000
Gate2: 0.000000,0.345682,0.583946
Gate20: 0.000000,0.000000,0.000000
Gate21: 0.000000,0.000000,0.333608
Gate22: 0.686297,-0.315423,3.484707
Gate23: -0.256971,-3.428093,-4.680229
Gate3: 0.000000,0.000000,0.000000
Gate4: 0.000000,0.000000,0.000000
Gate5: 0.000000,0.000000,0.000000
Gate6: 0.000000,0.000000,-1.461177
Gate7: 0.000000,0.000000,0.000000
Gate8: 0.000000,0.000000,0.000000
Gate9: 0.000000,0.000000,0.204812
