Gate1: -0.358077,-0.646616,4.335622
Gate10: -1.288673,-1.586358,-3.330732
Gate11: 0.000000,0.000000,0.000000
Gate12: 0.000000,0.000000,0.000000
Gate13: -0.588191,1.739277,-4.353025
Gate14: 0.413131,-0.204276,-0.321020
Gate15: 0.000000,-1.860231,-0.790838
Gate16: 0.000000,0.000000,0.000000
Gate17: 0.000000,0.000000,0.000000
Gate18: 0.000000,0.000000,0.000000
Gate19: 0.000000,0.000000,0.000000
Gate2: 0.000000,-0.960379,4.591858
Gate20: 0.000000,0.000000,0.000000
Gate21: 0.000000,0.000000,0.151927
Gate22: 0.846145,-0.894170,0.263149
Gate23: -1.170993,-4.687495,3.525321
Gate3: 0.000000,0.000000,0.000000
Gate4: 0.000000,0.000000,0.000000
Gate5: 0.000000,0.000000,0.000000
Gate6: 0.000000,0.000000,-1.392375
Gate7: 0.000000,0.000000,0.000000
Gate8: 0.000000,0.000000,0.000000
Gate9: 0.000000,0.000000,-0.258482
